100 30 500
38
86
8
47
100
62
75
36
1
10
52
81
79
54
42
4
79
55
41
36
100
64
99
80
24
16
55
45
78
2
45
52
78
31
24
18
16
98
73
89
48
70
80
62
59
11
27
28
30
15
55
81
26
82
13
68
70
80
82
53
72
71
58
55
86
43
90
54
66
10
33
30
68
75
31
47
14
79
15
14
21
94
82
47
49
89
9
23
23
37
7
65
66
62
52
20
43
47
20
36
93
66
10
84
43
94
88
80
81
68
28
75
17
56
73
75
46
96
3
84
18
71
47
13
4
48
57
25
36
70
91
16
85
90
86
78
45
42
45
61
71
71
64
90
69
85
18
36
24
84
58
64
72
58
10
84
60
7
86
31
22
56
67
25
19
30
60
18
29
19
61
9
45
1
65
21
22
74
20
16
88
83
44
3
24
59
41
67
9
93
24
18
32
85
44
93
3
79
11
45
47
33
51
77
38
1
57
17
19
53
30
61
41
63
75
88
38
29
18
18
96
57
1
97
26
1
62
74
35
8
69
43
24
36
1
32
10
31
61
74
57
40
14
8
67
95
93
80
3
96
86
25
75
55
34
21
37
32
69
96
78
45
36
87
87
17
97
80
26
11
25
31
79
42
94
28
39
47
12
47
59
64
1
71
94
8
99
49
72
27
85
36
29
26
17
26
89
46
81
35
45
54
97
85
10
72
7
86
45
99
97
24
69
69
62
92
72
74
36
63
16
85
26
78
26
31
65
36
5
89
63
1
76
50
97
12
92
96
34
22
60
59
93
4
49
12
19
26
61
31
5
97
72
82
8
70
89
53
6
69
63
41
56
23
86
41
49
47
72
20
81
79
40
92
14
71
60
27
95
31
82
26
62
3
81
38
82
47
61
86
45
48
12
71
72
25
27
38
97
91
44
11
5
3
89
21
21
40
45
68
90
16
15
67
19
19
18
82
62
34
58
80
10
77
36
93
76
55
96
9
89
36
8
53
10
51
61
66
14
24
93
90
11
20
26
78
12
75
47
12
71
39
73
78
5
82
53
5
26
9
97
43
25
29
53
58
80
98
17
75
25
39
39
78
24
77
17
16
20
3
97
2
48
37
45
5
30
89
98
22
91
38
65
6
100
63
54
62
71
6