100
1 30
3 19 16 62
5 55 37 41 46 58
6 74 20 18 14 80 2
1 74
2 7 23
1 74
2 74 53
10 19 23 71 77 32 80 81 52 70 29
8 16 12 71 77 46 95 78 57
2 53 6
4 8 15 20 1
0
3 20 63 18
1 16
3 74 19 7
2 16 1
7 99 74 6 11 12 13 72
2 55 53
3 99 55 23
5 5 51 86 33 38
8 74 62 83 85 88 33 43 48
0
19 53 90 23 15 30 17 54 14 46 80 87 48 26 96 57 79 66 56 84
5 1 54 60 88 43
6 90 16 20 44 83 61
2 71 61
4 71 44 80 40
9 99 18 61 46 33 78 96 69 56
1 8
10 74 8 11 18 49 41 87 78 48 42
3 99 18 73
4 23 5 88 75
8 55 20 12 83 64 60 81 28
10 19 17 27 59 40 68 31 94 3 67
6 12 73 14 46 33 42
5 7 54 62 61 64
6 1 72 49 80 40 97
15 99 23 20 17 5 14 88 95 43 78 70 21 94 56 24
5 5 72 83 88 89
3 53 5 62
4 90 1 78 38
3 54 77 75
6 53 19 6 20 12 13
5 51 49 43 97 48
2 6 30
7 8 1 13 5 77 40 3
8 7 1 54 63 85 89 87 58
1 64
10 19 32 60 14 86 80 78 48 25 47
2 54 71
2 20 73
0
4 6 11 1 5
0
12 74 7 89 46 87 33 2 38 42 70 21 69
8 20 60 86 46 52 38 92 48
8 55 16 15 12 17 72 85 82
11 53 90 7 6 5 54 18 61 73 27 60
6 99 74 19 44 61 51
1 55
3 15 1 71
3 53 12 72
5 30 54 72 100 62
12 74 11 12 44 60 49 88 4 52 36 31 91
10 23 20 1 18 60 41 59 26 25 96
4 32 37 94 66
9 1 27 32 59 86 2 52 25 70
6 23 88 34 78 38 25
3 5 83 96
1 12
1 90
2 44 83
0
3 63 61 95
7 8 6 72 14 81 31 22
2 53 23
3 6 62 44
9 19 8 17 54 61 32 14 80 38
4 32 59 89 95
6 99 6 20 100 27 75
5 44 61 51 32 40
2 55 20
11 99 19 15 5 61 75 87 2 48 66 3
5 5 100 18 73 59
4 99 6 64 41
5 30 1 73 49 95
6 8 23 15 30 27 32
3 62 83 49
1 74
12 7 71 77 18 64 37 87 33 58 38 69 66
9 74 13 18 51 73 89 95 75 82
5 20 41 82 81 42
4 90 7 86 22
6 55 19 30 41 88 89
6 11 1 100 14 43 48
6 55 16 1 62 41 86
10 16 1 72 27 85 78 97 70 57 66
0
2 23 16
