0: 
1: 30
2: 19,16,62
3: 55,37,41,46,58
4: 74,20,18,14,80,2
5: 74
6: 7,23
7: 74
8: 74,53
9: 19,23,71,77,32,80,81,52,70,29
10: 16,12,71,77,46,95,78,57
11: 53,6
12: 8,15,20,1
13: 
14: 20,63,18
15: 16
16: 74,19,7
17: 16,1
18: 99,74,6,11,12,13,72
19: 55,53
20: 99,55,23
21: 5,51,86,33,38
22: 74,62,83,85,88,33,43,48
23: 
24: 53,90,23,15,30,17,54,14,46,80,87,48,26,96,57,79,66,56,84
25: 1,54,60,88,43
26: 90,16,20,44,83,61
27: 71,61
28: 71,44,80,40
29: 99,18,61,46,33,78,96,69,56
30: 8
31: 74,8,11,18,49,41,87,78,48,42
32: 99,18,73
33: 23,5,88,75
34: 55,20,12,83,64,60,81,28
35: 19,17,27,59,40,68,31,94,3,67
36: 12,73,14,46,33,42
37: 7,54,62,61,64
38: 1,72,49,80,40,97
39: 99,23,20,17,5,14,88,95,43,78,70,21,94,56,24
40: 5,72,83,88,89
41: 53,5,62
42: 90,1,78,38
43: 54,77,75
44: 53,19,6,20,12,13
45: 51,49,43,97,48
46: 6,30
47: 8,1,13,5,77,40,3
48: 7,1,54,63,85,89,87,58
49: 64
50: 19,32,60,14,86,80,78,48,25,47
51: 54,71
52: 20,73
53: 
54: 6,11,1,5
55: 
56: 74,7,89,46,87,33,2,38,42,70,21,69
57: 20,60,86,46,52,38,92,48
58: 55,16,15,12,17,72,85,82
59: 53,90,7,6,5,54,18,61,73,27,60
60: 99,74,19,44,61,51
61: 55
62: 15,1,71
63: 53,12,72
64: 30,54,72,100,62
65: 74,11,12,44,60,49,88,4,52,36,31,91
66: 23,20,1,18,60,41,59,26,25,96
67: 32,37,94,66
68: 1,27,32,59,86,2,52,25,70
69: 23,88,34,78,38,25
70: 5,83,96
71: 12
72: 90
73: 44,83
74: 
75: 63,61,95
76: 8,6,72,14,81,31,22
77: 53,23
78: 6,62,44
79: 19,8,17,54,61,32,14,80,38
80: 32,59,89,95
81: 99,6,20,100,27,75
82: 44,61,51,32,40
83: 55,20
84: 99,19,15,5,61,75,87,2,48,66,3
85: 5,100,18,73,59
86: 99,6,64,41
87: 30,1,73,49,95
88: 8,23,15,30,27,32
89: 62,83,49
90: 74
91: 7,71,77,18,64,37,87,33,58,38,69,66
92: 74,13,18,51,73,89,95,75,82
93: 20,41,82,81,42
94: 90,7,86,22
95: 55,19,30,41,88,89
96: 11,1,100,14,43,48
97: 55,16,1,62,41,86
98: 16,1,72,27,85,78,97,70,57,66
99: 
100: 23,16
0: 
1: 12,17,25,38,42,47,48,54,62,66,68,87,96,97,98
2: 4,56,68,84
3: 35,47,84
4: 65
5: 21,33,39,40,41,47,54,59,70,84,85
6: 11,18,44,46,54,59,76,78,81,86
7: 6,16,37,48,56,59,91,94
8: 12,30,31,47,76,79,88
9: 
10: 
11: 18,31,54,65,96
12: 10,18,34,36,44,58,63,65,71
13: 18,44,47,92
14: 4,24,36,39,50,76,79,96
15: 12,24,58,62,84,88
16: 2,10,15,17,26,58,97,98,100
17: 24,35,39,58,79
18: 4,14,29,31,32,59,66,85,91,92
19: 2,9,16,35,44,50,60,79,84,95
20: 4,12,14,26,34,39,44,52,57,66,81,83,93
21: 39,56
22: 76,94
23: 6,9,20,24,33,39,66,69,77,88,100
24: 39
25: 50,66,68,69
26: 24,66
27: 35,59,68,81,88,98
28: 34
29: 9
30: 1,24,46,64,87,88,95
31: 35,65,76
32: 9,50,67,68,79,80,82,88
33: 21,22,29,36,56,91
34: 69
35: 
36: 65
37: 3,67,91
38: 21,42,56,57,69,79,91
39: 
40: 28,35,38,47,82
41: 3,31,66,86,93,95,97
42: 31,36,56,93
43: 22,25,39,45,96
44: 26,28,60,65,73,78,82
45: 
46: 3,10,24,29,36,56,57
47: 50
48: 22,24,31,45,50,57,84,96
49: 31,38,45,65,87,89
50: 
51: 21,45,60,82,92
52: 9,57,65,68
53: 8,11,19,24,41,44,59,63,77
54: 24,25,37,43,48,51,59,64,79
55: 3,19,20,34,58,61,83,95,97
56: 24,29,39
57: 10,24,98
58: 3,48,91
59: 35,66,68,80,85
60: 25,34,50,57,59,65,66
61: 26,27,29,37,59,60,75,79,82,84
62: 2,22,37,41,64,78,89,97
63: 14,48,75
64: 34,37,49,86,91
65: 
66: 24,67,84,91,98
67: 35
68: 35
69: 29,56,91
70: 9,39,56,68,98
71: 9,10,27,28,51,62,91
72: 18,38,40,58,63,64,76,98
73: 32,36,52,59,85,87,92
74: 4,5,7,8,16,18,22,31,56,60,65,90,92
75: 33,43,81,84,92
76: 
77: 9,10,43,47,91
78: 10,29,31,39,42,50,69,98
79: 24
80: 4,9,24,28,38,50,79
81: 9,34,76,93
82: 58,92,93
83: 22,26,34,40,70,73,89
84: 24
85: 22,48,58,98
86: 21,50,57,68,94,97
87: 24,31,48,56,84,91
88: 22,25,33,39,40,65,69,95
89: 40,48,56,80,92,95
90: 24,26,42,59,72,94
91: 65
92: 57
93: 
94: 35,39,67
95: 10,39,75,80,87,92
96: 24,29,66,70
97: 38,45,98
98: 
99: 18,20,29,32,39,60,81,84,86
100: 64,81,85,96
53 74 8 30 1 7 55 19 16 15 23 99 20 12 71 62 2 5 6 11 54 61 90 72 100 64 37 41 46 17 13 18 44 83 73 32 27 88 49 89 40 51 82 60 59 85 58 3 63 14 95 80 4 75 33 86 97 38 21 78 42 77 43 25 28 81 34 69 87 48 96 70 56 29 52 9 92 57 10 22 26 66 79 84 24 31 94 67 68 35 36 39 45 47 50 91 65 76 93 98
